$ 1 0.000005 10.20027730826997 50 5 50 5e-11
t 768 272 768 336 2 1 -0.577829194089464 0.28142669767510603 100 default
w 752 336 688 336 0
w 688 336 624 336 0
g 624 336 624 384 0 0
r 624 336 624 240 0 6800
w 624 240 768 240 0
w 768 240 768 272 0
s 768 240 832 240 0 0 false
d 912 336 784 336 2 default
w 912 240 912 336 0
w 912 336 912 416 0
R 832 416 720 416 0 0 40 5 0 0 0.5
w 688 336 688 496 0
w 912 416 912 496 0
p 912 496 688 496 3 0 0
r 832 416 912 416 0 100000
r 832 240 912 240 0 14000
o 14 64 0 4098 5 0.1 0 1
